{"trajectory": [[[0.4227948784828186, -0.8164166212081909, 0.39333024621009827, -0.5234360098838806], [0.7769943475723267, 0.5499551296234131, 0.30631589889526367, -0.3939506709575653], [-0.4663952887058258, 0.1761065572500229, 0.8668692111968994, 0.23206354677677155], [0.0, 0.0, 0.0, 1.0]], [[0.482360927108664, -0.7925446629470025, 0.3730963591796258, -0.4970839915943222], [0.7507311752584261, 0.5934903282346053, 0.29012399553825735, -0.37412847081725925], [-0.451365304929358, 0.1401505887472566, 0.8812645312162659, 0.21311384913480924], [0.0, 0.0, 0.0, 1.0]], [[0.5395843940396472, -0.7645709131349873, 0.3525336870382725, -0.4706436126250951], [0.7218560022694092, 0.6356287018499895, 0.2736787631003255, -0.35423959698123436], [-0.4333273516597973, 0.10680576844173315, 0.8948854307290275, 0.19423845025869668], [0.0, 0.0, 0.0, 1.0]], [[0.5941921635481359, -0.7327604167316574, 0.33165922940457015, -0.44403107798600155], [0.6904423220434143, 0.6761971022295767, 0.2569958732501778, -0.3342207877579528], [-0.4125834130321813, 0.0762866345277552, 0.9077198227884775, 0.1755297334615713], [0.0, 0.0, 0.0, 1.0]], [[0.6459395185350885, -0.6973935650785127, 0.3104905051394334, -0.41717214348115644], [0.6565769256163648, 0.715026611269753, 0.2400909950919783, -0.31401596081801403], [-0.3894468887317251, 0.04877663952319857, 0.9197564679272461, 0.15709014435412594], [0.0, 0.0, 0.0, 1.0]], [[0.6946103957317828, -0.6587633130439753, 0.28904549041398575, -0.39000263517359], [0.620359468113161, 0.7519535671277221, 0.2229797372100213, -0.29357660590626405], [-0.36423965800512714, 0.02442806319010616, 0.930984823326937, 0.13903126162567547], [0.0, 0.0, 0.0, 1.0]], [[0.7400175340936942, -0.6171725699496121, 0.26734260441553176, -0.36246892345832976], [0.5819020507733246, 0.7868206370024824, 0.20567763245624707, -0.2728621434135643], [-0.33728927130830516, 0.003362155379978558, 0.9413950517033289, 0.12147283284821508], [0.0, 0.0, 0.0, 1.0]], [[0.782002431512334, -0.5729316693052767, 0.24540069155539612, -0.33452835040761564], [0.5413287112962495, 0.8194778450937107, 0.18820012679833703, -0.2518402477970132], [-0.3089262427103583, -0.014330516656338103, 0.9509780296396039, 0.10454177831449551], [0.0, 0.0, 0.0, 1.0]], [[0.8204351220533463, -0.5263559242144134, 0.2232390009512261, -0.306149609167952], [0.4987748283917795, 0.849783548818162, 0.1705625712774096, -0.23048713492472186], [-0.2794814503040617, -0.02858952959391402, 0.959725355366595, 0.08837116599532391], [0.0, 0.0, 0.0, 1.0]], [[0.8552137850744898, -0.477763274877376, 0.20087716395103103, -0.2773130743072028], [0.4543864466210903, 0.8776053570299218, 0.1527802161257886, -0.20878781251041106], [-0.24928365158113286, -0.0393838861824031, 0.9676293559847943, 0.07309916076898948], [0.0, 0.0, 0.0, 1.0]], [[0.8862641969779489, -0.4274720343377564, 0.17833517043525543, -0.24801108213070608], [0.40831952777874403, 0.9028209845863653, 0.13486820613120665, -0.18673629289397675], [-0.21865712060112527, -0.04671112982626501, 0.9746830941186878, 0.0588679511366923], [0.0, 0.0, 0.0, 1.0]], [[0.9135390359846625, -0.3757987384027616, 0.1556333445862628, -0.2182481601081557], [0.3607391352220629, 0.925319038140628, 0.11684157639188755, -0.16433576751657727], [-0.18791941371623094, -0.05059630292220749, 0.9808803739901987, 0.04582265669207186], [0.0, 0.0, 0.0, 1.0]], [[0.9370170501496897, -0.3230561054612238, 0.13279232076065484, -0.188041204677574], [0.3118185577137601, 0.9449997285405007, 0.09871524767577942, -0.14159874253256133], [-0.15737927053485942, -0.051090760246904454, 0.9862157468948205, 0.03411021966027672], [0.0, 0.0, 0.0, 1.0]], [[0.9567020988275516, -0.26955111167714674, 0.10983302004666999, -0.1574196068188167], [0.2617383795161339, 0.961775505689751, 0.0805040206666234, -0.11854713509550269], [-0.1273346566619869, -0.04827084885143675, 0.9906845160614631, 0.02387828386235702], [0.0, 0.0, 0.0, 1.0]], [[0.9726220779046347, -0.2155831867236547, 0.08677662804318029, -0.12642532491649655], [0.21068550366279917, 0.9755716121961416, 0.06222256844083099, -0.09521232995155719], [-0.09807095451163532, -0.04223646622404756, 0.9942827408750902, 0.015274064494104733], [0.0, 0.0, 0.0, 1.0]], [[0.9848277393043412, -0.16144253482494905, 0.06364457436416411, -0.09511290456072523], [0.15885213553538594, 0.9863265526036834, 0.04388542656487274, -0.07163519607012968], [-0.06985930813104198, -0.03310950887930217, 0.9970072404397189, 0.008443212134643163], [0.0, 0.0, 0.0, 1.0]], [[0.9933914155062241, -0.10740858538537626, 0.04045851435795381, -0.06354944506343245], [0.10643473408413838, 0.9939924754947378, 0.025506980226633075, -0.04786606313925226], [-0.042955127505097335, -0.021032223975496186, 0.9988555964580994, 0.003528674419136957], [0.0, 0.0, 0.0, 1.0]], [[0.9984056600750233, -0.053748576904370335, 0.01724031353867847, -0.03181451259796927], [0.05363293824779736, 0.9985354662574135, 0.007101447809988837, -0.02396465785094801], [-0.017596757231515856, -0.006165477016827629, 0.999826155403073, 0.0006695588217977555], [0.0, 0.0, 0.0, 1.0]], [[0.9999817609786987, -0.000716277165338397, -0.005987964104861021, 0.0], [0.0006484762998297811, 0.9999357461929321, -0.011317138560116291, 0.0], [0.005995685700327158, 0.011313050054013729, 0.9999179840087891, 0.0], [0.0, 0.0, 0.0, 1.0]], [[0.9999817609786987, -0.000716277165338397, -0.005987964104861021, 0.0], [0.0006484762998297811, 0.9999357461929321, -0.011317138560116291, 0.0], [0.005995685700327158, 0.011313050054013729, 0.9999179840087891, 0.0], [0.0, 0.0, 0.0, 1.0]]], "reference": [0, -1, -1, -1, -1, -1, -1, -1, -1, -1, -1, -1, -1, -1, -1, -1, -1, -1, -1, 1]}