{"trajectory": [[[0.9999919533729553, -0.0039535281248390675, 0.0007246877648867667, 0.0], [0.00395191228017211, 0.9999897480010986, 0.0022180795203894377, 0.0], [-0.0007334495312534273, -0.00221519754268229, 0.9999973177909851, 0.0], [0.0, 0.0, 0.0, 1.0]], [[0.9899120063438109, -0.14093510602157172, 0.01454357545651031, -0.005148221256891669], [0.14008370766153808, 0.9889464874322461, 0.04859423672843531, -0.0330881199469658], [-0.021231451767781087, -0.04606670040398821, 0.9987127137318927, 0.0010268397284163289], [0.0, 0.0, 0.0, 1.0]], [[0.9606303085856596, -0.27639913174209807, 0.028159016297361575, -0.010131652904924175], [0.27269222249420655, 0.9574122628438624, 0.09487207569862222, -0.06602366472501069], [-0.05318234686238392, -0.08345824661715137, 0.9950911310296158, 0.004406769523684129], [0.0, 0.0, 0.0, 1.0]], [[0.9122339256284879, -0.4075541168330158, 0.04158012487834592, -0.014929926126707127], [0.39847335137265943, 0.9062870507899671, 0.14093533913204606, -0.09863516346747876], [-0.09512230641799725, -0.11199742596544043, 0.9891452488885726, 0.010028979669656657], [0.0, 0.0, 0.0, 1.0]], [[0.8452229411248715, -0.5315954125256318, 0.05481329380657014, -0.01952637028419743], [0.5143349105017285, 0.8370268812923605, 0.18666976143222447, -0.1307703715893316], [-0.14511298920289992, -0.12958517421251572, 0.9808924013310079, 0.017771443121659347], [0.0, 0.0, 0.0, 1.0]], [[0.7605149884873229, -0.6457643933085224, 0.06786236527710514, -0.02390797395452049], [0.6174924051176998, 0.7515957869139329, 0.2319631494767751, -0.16229689736642924], [-0.20079861032409033, -0.13450695680187721, 0.9703544695954217, 0.027503215951573012], [0.0, 0.0, 0.0, 1.0]], [[0.6594419245035975, -0.7474083376854334, 0.08072871214932648, -0.028065310215183145], [0.7055542071616903, 0.6524012071026296, 0.2767054855391749, -0.19310261090328132], [-0.2594794962293368, -0.12551271540895365, 0.9575578046819109, 0.039086762669454767], [0.0, 0.0, 0.0, 1.0]], [[0.5437385882529824, -0.8340399796883841, 0.09341124089772991, -0.03199242721334891], [0.7765933222244547, 0.5422150862662003, 0.32078904610619347, -0.22309583501856728], [-0.31819987354026114, -0.10188283715492572, 0.9425331442300715, 0.052380287887081156], [0.0, 0.0, 0.0, 1.0]], [[0.4155237779355543, -0.9033957270654378, 0.10590632790382853, -0.03568670527211426], [0.8292033864412536, 0.42408338885733865, 0.36410853218461176, -0.25220531899352794], [-0.37384720660253884, -0.06347786712850681, 0.9253155280769335, 0.06724005586647097], [0.0, 0.0, 0.0, 1.0]], [[0.2772737297252602, -0.9534915932080715, 0.11820770061961683, -0.039148681997155044], [0.8625370716932537, 0.30122713037421134, 0.4065612080380334, -0.2803799975336979], [-0.42326006043456377, -0.010770218570275854, 0.9059442166231196, 0.08352267967767835], [0.0, 0.0, 0.0, 1.0]], [[0.1317885247213098, -0.982675968554636, 0.13030627604604833, -0.042381847048657634], [0.8763256725266526, 0.17693829422874946, 0.4480470463089012, -0.3075885386822852], [-0.46334123540053157, 0.05514327575170647, 0.884462615782533, 0.101087361973757], [0.0, 0.0, 0.0, 1.0]], [[-0.017848019171630102, -0.9896784631761975, 0.14218997059163188, -0.04539240843510817], [0.8708792801965564, 0.054474162408017765, 0.48846887818393575, -0.33381868578684415], [-0.49117280822127857, 0.13254850114258143, 0.8609182117419042, 0.11979806977519725], [0.0, 0.0, 0.0, 1.0]], [[-0.16831429446873752, -0.9736541873492573, 0.15384349753807727, -0.04818903236632832], [0.8470675965621489, -0.06304637189013053, 0.5277325476469268, -0.35907639995284685], [-0.5041297304582578, 0.21914077313167596, 0.8353625179641087, 0.13952562613922348], [0.0, 0.0, 0.0, 1.0]], [[-0.3161019066304584, -0.9342230069230623, 0.1652481708226176, -0.05078255887221293], [0.8062820810037994, -0.17274101965558858, 0.5657470689102421, -0.38338481071163844], [-0.4999887903511154, 0.31207036620605233, 0.8078510358099745, 0.1601497021685825], [0.0, 0.0, 0.0, 1.0]], [[-0.45757085194942215, -0.871503527545191, 0.1763817363634017, -0.05318569555009184], [0.750380734832394, -0.27205354296479084, 0.6024247858054158, -0.4067829838795195], [-0.4770300496181307, 0.4080054794198152, 0.7784432288386421, 0.181560693486863], [0.0, 0.0, 0.0, 1.0]], [[-0.589007910733477, -0.7861418487359348, 0.18721825434350947, -0.05541269194671826], [0.6816173878769576, -0.3588314384996032, 0.6376815312427503, -0.42932451678301414], [-0.43412834235647135, 0.5032106839191236, 0.7472025093322895, 0.2036614660695374], [0.0, 0.0, 0.0, 1.0]], [[-0.7066872458593326, -0.6793355223274108, 0.19772805730066575, -0.05747899720984363], [0.6025578397467519, -0.4313892616198381, 0.6714367838589261, -0.4510759721666686], [-0.37083309763218114, 0.5936384026183237, 0.7141962339842505, 0.22636895716798444], [0.0, 0.0, 0.0, 1.0]], [[-0.8069322125581356, -0.5528537065375171, 0.20787780907004202, -0.0594009037585191], [0.515985603177939, -0.4885554756338818, 0.7036138177588968, -0.4721151631781522], [-0.28743566523507547, 0.6750306114509775, 0.6794957041475604, 0.24961561799347465], [0.0, 0.0, 0.0, 1.0]], [[-0.8861775994300842, -0.40905532240867615, 0.21763068437576294, -0.06119517982006073], [0.424800306558609, -0.529701292514801, 0.7341398596763611, -0.4925293028354645], [-0.18502455949783325, 0.7430278658866882, 0.6431761980056763, 0.27335068583488464], [0.0, 0.0, 0.0, 1.0]], [[-0.8861775994300842, -0.40905532240867615, 0.21763068437576294, -0.06119517982006073], [0.424800306558609, -0.529701292514801, 0.7341398596763611, -0.4925293028354645], [-0.18502455949783325, 0.7430278658866882, 0.6431761980056763, 0.27335068583488464], [0.0, 0.0, 0.0, 1.0]]], "reference": [0, -1, -1, -1, -1, -1, -1, -1, -1, -1, -1, -1, -1, -1, -1, -1, -1, -1, -1, 1]}