{
    "psnr": 10.89517593383789,
    "ssim": 0.18950505554676056,
    "lpips": 0.6443208456039429,
    "mask_psnr": 16.13587760925293,
    "mask_ssim": 0.26552170515060425,
    "mask_lpips": 0.4669218957424164,
    "cnt": 100
}